J@ckal,11,11,11,11,11
DontHackMeBro,1,1,1,1,1
nazgul,11,11,11,11,11
notabot,8,9,10,10,10
59_8b,10,10,10,10,10
28_98,11,11,11,11,11
7_33,0,0,0,0,0
han,8,9,10,10,10
26_b1,8,8,8,8,8
25_9e,7,8,8,8,8
22_26,8,10,10,10,10
41_f7,10,10,10,10,10
31_01,10,10,10,10,10
GhostNappa,13,13,13,13,13
13_96,8,10,10,10,10
Bree,11,11,11,11,11
54_00,10,10,10,10,10
Poda,13,13,13,13,13
darthmaul,13,13,13,13,13
8_7a,11,11,11,11,11
45_8b,11,11,11,11,11
Abrao,10,10,10,10,10
21_db,10,10,10,10,10
49_c1,8,10,10,10,10
adamd,13,13,13,13,13
zsun41,9,10,10,10,10
37_aa,9,10,10,10,10
11_a2,7,7,7,7,7
E.N.D,14,14,14,14,14
40_eb,11,11,11,11,11
dkandy7,11,11,11,11,11
kernel,11,11,11,11,11
BigPanda,7,9,10,10,10
60_65,10,10,10,10,10
0_b0,11,11,11,11,11
ark,11,11,11,11,11
3_43,0,0,0,0,0
Mayabhai,10,10,10,10,10
skywalker,10,10,10,10,10
39_8d,10,10,10,10,10
55_c6,10,10,10,10,10
Enigma,11,11,11,11,11
Ankit,11,11,11,11,11
sheldon_cooper,7,10,10,10,10
thalaiva,10,10,10,10,10
46_f5,10,10,10,10,10
brucewayne_jr,7,7,7,7,7
linear,0,0,0,0,0
57_8d,10,10,10,10,10
guardian,8,8,8,8,8
50_e0,10,10,10,10,10
GTKlondike,8,8,8,8,8
ajay,2,4,4,4,4
5_99,9,10,10,10,10
dmisra,13,13,13,13,13
36_bc,14,14,15,15,15
hacker007,4,7,7,7,7
51_c5,11,11,11,11,11
darkangel,7,7,7,7,7
VahiniMohan,11,11,11,11,11
CodeBooming,7,7,7,7,7
ANN,11,11,11,11,11
kjs,11,11,11,11,11
53_61,10,10,10,10,10
20_cb,11,11,11,11,11
buddhapuneeth,8,8,8,8,8
62_6b,7,7,7,7,7
29_86,10,10,10,10,10
15_19,8,10,10,10,10
kulvir,11,11,11,11,11
27_38,12,12,12,12,12
ajothomas,11,11,11,11,11
GerardLPinto,10,10,10,10,10
48_7a,11,11,11,11,11
44_c4,11,11,11,11,11
platinumHack,4,5,5,6,7
thedankestsenpai,8,8,8,8,8
12_d6,10,10,10,10,10
2_34,11,11,11,11,11
18_07,10,10,10,10,10
19_76,14,14,14,14,14
16_f5,8,10,10,10,10
r_dragon,11,11,11,11,11
17_5e,11,11,11,11,11
Vicky,9,10,10,10,10
35_8a,10,10,10,10,10
pradeep,0,0,0,0,0
23_a5,11,11,11,11,11
63_19,1,1,1,1,1
mebi90,10,10,10,10,10
evilgenius,11,11,11,11,11
yss,10,10,10,10,10
42_2c,10,10,10,10,10
sai,5,6,6,6,6
Captain_Reaper,10,10,10,10,10
32_39,6,6,6,6,6
33_04,11,11,11,11,11
spk,11,11,11,11,11
1_7d,11,11,11,11,11
64_b7,7,7,7,7,7
14_13,7,7,7,7,7
paperwhite,10,10,10,10,10
58_c2,10,10,10,10,10
10_95,10,10,10,10,10
43_a1,7,7,7,7,7
_root,11,11,11,11,11
jjgalvin,0,0,0,0,0
TS,7,7,7,7,7
30_d2,11,11,11,11,11
56_62,10,10,10,10,10
Law,8,10,10,10,10
38_f9,11,11,11,11,11
6_36,12,12,12,12,12
52_78,11,11,11,11,11
Alex,11,11,11,11,11
47_8d,8,10,10,10,10
iLLb3b@ck,9,9,9,9,9
24_eb,9,10,10,10,10
Alias,11,11,11,11,11
IO,14,14,15,15,15
4_ce,10,10,10,10,10
ashishk,7,7,7,7,7
clydexu,14,14,15,15,15
ckawale,8,11,11,11,11
9_2d,6,6,6,6,6
AshishA,11,11,11,11,11
cloud,1,1,1,1,1
martianescape,10,10,10,10,10
34_f4,11,11,11,11,11
61_64,10,10,10,10,10
